11111111111111111111110000000000
11111111111111111111111111000000
11111111111111111111111111100000
11111111111111111111111111111000
11111111111111111111111111111100
11111111111111111111111111111100
11111111110000000011111111111100
11111111110000000000111111111110
11111111110000000000011111111110
11111111110000000000011111111110
11111111110000000000011111111110
11111111110000000000111111111100
11111111110000000011111111111100
11111111111111111111111111111000
11111111111111111111111111110000
11111111111111111111111111100000
11111111111111111111111111111000
11111111111111111111111111111100
11111111111111111111111111111110
11111111110000000000011111111111
11111111110000000000001111111111
11111111110000000000001111111111
11111111110000000000001111111111
11111111110000000000001111111111
11111111110000000000001111111111
11111111110000000000111111111111
11111111111111111111111111111111
11111111111111111111111111111110
11111111111111111111111111111100
11111111111111111111111111111000
11111111111111111111111111100000
11111111111111111111111100000000