00000000000000111111111111000000
00000000001111111111111111111100
00000000111111111111111111111111
00000011111111111100001111111111
00000111111111100000000011111111
00001111111100000000000000000111
00011111111000000000000000000001
00111111100000000000000000000000
00111111000000000000000000000000
00111111000000000000000000000000
01111110000000000000000000000000
01111110000000000000000000000000
11111100000000000000000000000000
11111100000000000000000000000000
11111100000000000000000000000000
11111100000000000000000000000000
11111100000000000000000000000000
11111100000000000000000000000000
11111100000000000000000000000000
11111100000000000000000000000000
11111110000000000000000000000000
01111110000000000000000000000000
00111111000000000000000000000000
00111111000000000000000000000000
00111111000000000000000000000000
00011111110000000000000000000000
00001111111000000000000000000011
00000111111110000000000000011111
00000011111111111100001111111111
00000001111111111111111111111111
00000000111111111111111111111110
00000000000111111111111111111000