
00000000000011111110000000000000
00000000011111111111111000000000
00001111111111111111111111000000
00011111111111111111111111100000
00011111111111111111111111111000
00011111110000000011111111111000
00001000000000000000000111111100
00000000000000000000000111111100
00000000000000000000000011111110
00000000000000000000000011111110
00000000000000000000000001111110
00000000000000000000000001111111
00000000000000000000000011111111
00000001111111111111111111111111
00000111111111111111111111111111
00001111111111111111111111111111
00011111111111111111111111111111
00111111111111100000000001111111
01111111100000000000000001111111
01111111100000000000000001111111
11111110000000000000000001111111
11111110000000000000000011111111
11111110000000000000000011111111
11111110000000000000000111111111
11111111000000000000000111111111
01111111100000000000001111111111
01111111100000000000111111111111
00111111111111111111111111111111
00111111111111111111111111111111
00001111111111111111111001111111
00000111111111111111110001111111
00000000111111111100000000000000


11111110000000000000000000000000
11111110000000000000000000000000
11111110000000000000000000000000
11111110000000000000000000000000
11111110000000000000000000000000
11111110000000000000000000000000
11111110000000000000000000000000
11111110000000000000000000000000
11111110000000111111000000000000
11111110001111111111111100000000
11111110111111111111111111000000
11111111111111111111111111110000
11111111111100000000111111111000
11111111110000000000001111111100
11111111000000000000000011111100
11111110000000000000000011111110
11111110000000000000000001111110
11111110000000000000000001111111
11111110000000000000000000111111
11111110000000000000000000111111
11111110000000000000000000111111
11111110000000000000000000111111
11111110000000000000000000111111
11111110000000000000000001111111
11111110000000000000000001111110
11111111000000000000000011111100
11111111100000000000001111111100
11111111110000000000011111111100
11111111111110000001111111111000
11111111111111111111111111100000
11111110111111111111111111000000
01111100000111111111111100000000


00000000000000001111111100000000
00000000000000111111111111100000
00000000011111111111111111111110
00000001111111111111111111111111
00000011111111111111111111111111
00000111111111111000000001111111
00001111111110000000000000000110
00011111111100000000000000000000
00111111110000000000000000000000
00111111110000000000000000000000
01111111100000000000000000000000
01111111000000000000000000000000
01111111000000000000000000000000
01111111000000000000000000000000
11111111000000000000000000000000
11111111000000000000000000000000
11111110000000000000000000000000
11111111000000000000000000000000
01111111000000000000000000000000
01111111000000000000000000000000
01111111000000000000000000000000
01111111000000000000000000000000
00111111100000000000000000000000
00111111110000000000000000000000
00011111111000000000000000000000
00001111111110000000000000000000
00001111111111000000000000000111
00000011111111111111111111111111
00000011111111111111111111111111
00000000111111111111111111111110
00000000001111111111111111111100
00000000000000111111111111100000


00000000000000000000000000111111
00000000000000000000000000111111
00000000000000000000000000111111
00000000000000000000000000111111
00000000000000000000000000111111
00000000000000000000000000111111
00000000000000000000000000111111
00000000000000000000000000111111
00000000000011111100000000111111
00000000111111111111110000111111
00000111111111111111111100111111
00001111111111111111111111111111
00011111111100000000111111111111
00111111100000000000001111111111
01111111000000000000000011111111
11111111000000000000000011111111
11111110000000000000000001111111
11111110000000000000000001111111
11111110000000000000000001111111
11111110000000000000000001111111
11111100000000000000000000111111
11111110000000000000000001111111
11111110000000000000000001111111
11111110000000000000000001111111
11111110000000000000000011111111
01111111000000000000000011111111
00111111100000000000000111111111
00111111110000000000001111111111
00011111111110000001111111111111
00001111111111111111111110111111
00000011111111111111111100111111
00000000111111111111100000011110


00000000000001111111000000000000
00000000000111111111110000000000
00000001111111111111111111000000
00000011111111111111111111000000
00001111111111111111111111110000
00001111111111000001111111111000
00111111110000000000001111111100
00111111100000000000000111111100
00111111000000000000000001111100
01111110000000000000000001111110
01111100000000000000000001111110
11111100000000000000000000111110
11111110000000000000000001111110
11111111111111111111111111111111
11111111111111111111111111111111
11111111111111111111111111111111
11111111111111111111111111111110
11111100000000000000000000000000
11111100000000000000000000000000
11111100000000000000000000000000
11111100000000000000000000000000
11111110000000000000000000000000
01111111000000000000000000000000
01111111000000000000000000000000
00111111110000000000000000000100
00111111110000000000000000011100
00111111111000000000000000111100
00001111111111111111111111111100
00000111111111111111111111111100
00000011111111111111111111111000
00000000111111111111111111100000
00000000000011111111110000000000


00000000000011111000000000000000
00000001111111111111110000111110
00000011111111111111111100111111
00001111111111111111111111111111
00011111111100000000011111111111
00011111111000000000011111111111
00111111100000000000000111111111
01111111000000000000000011111111
01111110000000000000000001111111
11111110000000000000000001111111
11111110000000000000000000111111
11111110000000000000000000111111
11111110000000000000000000111111
11111110000000000000000000111111
11111110000000000000000000111111
01111110000000000000000001111111
01111110000000000000000001111111
00111111000000000000000011111111
00111111110000000000001111111111
00011111111100000000011111111111
00001111111111111111111111111111
00000111111111111111111111111111
00000001111111111111111000111111
00000000001111111111000000111110
00000000000000000000000001111110
00000000000000000000000001111110
00000000000000000000000111111100
00001110000000000000011111111100
00001111111111111111111111111000
00001111111111111111111111110000
00001111111111111111111111000000
00000001111111111111111100000000


11111100000000000000000000000000
11111100000000000000000000000000
11111100000000000000000000000000
11111100000000000000000000000000
11111100000000000000000000000000
11111100000000000000000000000000
11111100000000000000000000000000
11111100000000000000000000000000
11111100000000011111100000000000
11111100000111111111111111100000
11111100011111111111111111110000
11111111111111111111111111111000
11111111111100000000011111111100
11111111111000000000000111111110
11111111100000000000000011111110
11111111000000000000000001111111
11111110000000000000000001111111
11111110000000000000000000111111
11111100000000000000000000111111
11111100000000000000000000111111
11111100000000000000000000111111
11111100000000000000000000111111
11111100000000000000000000111111
11111100000000000000000000111111
11111100000000000000000000111111
11111100000000000000000000111111
11111100000000000000000000111111
11111100000000000000000000111111
11111100000000000000000000111111
11111100000000000000000000111111
11111100000000000000000000111111
11111100000000000000000000111111


01111110000000000000000000000000
11111110000000000000000000000000
11111110000000000000000000000000
11111110000000000000000000000000
11111110000000000000000000000000
11111110000000000000000000000000
11111110000000000000000000000000
11111110000000000000000000000000
11111110000000000000000000000000
11111110000000000000000011111110
11111110000000000000001111111100
11111110000000000001111111110000
11111110000000000011111111000000
11111110000000000111111110000000
11111110000000011111111100000000
11111110000001111111100000000000
11111110000111111110000000000000
11111110011111111100000000000000
11111111111111110000000000000000
11111111111111000000000000000000
11111111111111000000000000000000
11111111111111110000000000000000
11111110111111111000000000000000
11111110001111111110000000000000
11111110000011111111100000000000
11111110000000111111111000000000
11111110000000001111111100000000
11111110000000000011111111000000
11111110000000000001111111110000
11111110000000000000111111111000
11111110000000000000001111111100
11111110000000000000000011111111


00000000111111000000001111110000
01110001111111100000011111111000
11110111111111110000111111111100
11110111111111110001111111111100
11111111100111111011111001111110
11111111000011111111110000111110
11111100000001111111100000011111
11111100000001111111000000001111
11111000000000111110000000001111
11111000000000111110000000001111
11111000000000111110000000001111
11110000000000111110000000001111
11110000000000111110000000000111
11110000000000111110000000000111
11110000000000111110000000000111
11110000000000111110000000000111
11110000000000111110000000000111
11110000000000111110000000000111
11110000000000111110000000000111
11110000000000111110000000000111
11110000000000111110000000000111
11110000000000111110000000000111
11110000000000111110000000000111
11110000000000111110000000000111
11110000000000111110000000000111
11110000000000111110000000000111
11110000000000111110000000000111
11110000000000111110000000000111
11110000000000111110000000000111
11110000000000111110000000000111
11110000000000111110000000000111
01110000000000111100000000000111


00000000000001111111111100000000
11111100000011111111111111000000
11111100011111111111111111110000
11111100111111111111111111110000
11111111111111100000111111111100
11111111111100000000011111111100
11111111111000000000001111111110
11111111100000000000000011111110
11111111000000000000000011111110
11111111000000000000000001111111
11111110000000000000000001111111
11111110000000000000000001111111
11111100000000000000000000111111
11111100000000000000000000111111
11111100000000000000000000111111
11111100000000000000000000111111
11111100000000000000000000111111
11111100000000000000000000111111
11111100000000000000000000111111
11111100000000000000000000111111
11111100000000000000000000111111
11111100000000000000000000111111
11111100000000000000000000111111
11111100000000000000000000111111
11111100000000000000000000111111
11111100000000000000000000111111
11111100000000000000000000111111
11111100000000000000000000111111
11111100000000000000000000111111
11111100000000000000000000111111
11111100000000000000000000111111
11111100000000000000000000111110


00000000001111111111100000000000
00000000111111111111111000000000
00000011111111111111111111000000
00000111111111111111111111000000
00001111111111000011111111110000
00011111111100000001111111111000
00111111110000000000011111111100
00111111110000000000001111111100
00111111100000000000000111111100
01111111000000000000000011111100
01111110000000000000000011111110
11111110000000000000000001111110
11111110000000000000000001111111
11111100000000000000000000111111
11111100000000000000000000111111
11111100000000000000000000111111
11111100000000000000000000111111
11111100000000000000000000111111
11111100000000000000000000111111
11111110000000000000000001111111
11111110000000000000000001111110
01111110000000000000000011111110
01111111000000000000000011111100
00111111000000000000000011111100
00111111110000000000001111111100
00111111110000000000001111111100
00011111111110000001111111111000
00001111111111000011111111110000
00001111111111111111111111100000
00000011111111111111111111000000
00000001111111111111111110000000
00000000001111111111100000000000


00000000000011111111110000000000
11111110011111111111111111000000
11111111111111111111111111100000
11111111111111000011111111110000
11111111111100000000111111111000
11111111110000000000001111111100
11111111100000000000000011111100
11111110000000000000000011111110
11111110000000000000000001111110
11111110000000000000000000111111
11111110000000000000000000111111
11111110000000000000000000111111
11111110000000000000000000111111
11111110000000000000000000111111
11111110000000000000000000111111
11111110000000000000000000111111
11111110000000000000000001111110
11111110000000000000000011111110
11111111100000000000000011111100
11111111110000000000001111111100
11111111111100000000111111111000
11111111111111111111111111110000
11111110111111111111111111000000
11111110001111111111111110000000
11111110000011111111110000000000
11111110000000000000000000000000
11111110000000000000000000000000
11111110000000000000000000000000
11111110000000000000000000000000
11111110000000000000000000000000
11111110000000000000000000000000
11111110000000000000000000000000


00000000001111111110000000000000
00000001111111111111111000111111
00000111111111111111111110111111
00011111111111000011111111111111
00011111111100000001111111111111
00111111100000000000001111111111
01111111000000000000000011111111
11111111000000000000000011111111
11111110000000000000000011111111
11111110000000000000000001111111
11111110000000000000000001111111
11111110000000000000000001111111
11111100000000000000000000111111
11111110000000000000000001111111
11111110000000000000000001111111
11111110000000000000000001111111
11111110000000000000000011111111
11111111000000000000000011111111
01111111000000000000000011111111
00111111110000000000001111111111
00011111111110000001111111111111
00001111111111111111111110111111
00000111111111111111111100111111
00000001111111111111111000111111
00000000001111111110000000111111
00000000000000000000000000111111
00000000000000000000000000111111
00000000000000000000000000111111
00000000000000000000000000111111
00000000000000000000000000111111
00000000000000000000000000111111
00000000000000000000000000111111


00000000011111111111111100000000
00000001111111111111111111100000
00001111111111111111111111111000
00011111111111111111111111111000
00111111111110000000011111111000
01111111111000000000000011111000
01111111000000000000000000011000
01111111000000000000000000000000
01111111000000000000000000000000
01111111000000000000000000000000
01111111000000000000000000000000
01111111100000000000000000000000
01111111111110000000000000000000
00111111111111111000000000000000
00001111111111111111111100000000
00000111111111111111111110000000
00000000111111111111111111110000
00000000000111111111111111111000
00000000000000001111111111111100
00000000000000000000001111111110
00000000000000000000000111111110
00000000000000000000000011111110
00000000000000000000000011111111
00000000000000000000000011111111
01000000000000000000000011111110
11110000000000000000000111111110
11111111100000000000111111111100
11111111111100000111111111111100
11111111111111111111111111111000
11111111111111111111111111100000
01111111111111111111111110000000
00000000111111111111110000000000


01111110000000000000000000111110
11111110000000000000000001111111
11111110000000000000000001111111
11111110000000000000000001111111
11111110000000000000000001111111
11111110000000000000000001111111
11111110000000000000000001111111
11111110000000000000000001111111
11111110000000000000000001111111
11111110000000000000000001111111
11111110000000000000000001111111
11111110000000000000000001111111
11111110000000000000000001111111
11111110000000000000000001111111
11111110000000000000000001111111
11111110000000000000000001111111
11111110000000000000000001111111
11111110000000000000000001111111
11111110000000000000000001111111
11111110000000000000000001111111
11111110000000000000000011111111
11111110000000000000000011111111
11111110000000000000000011111111
01111111000000000000000111111111
01111111100000000000000111111111
00111111100000000000001111111111
00111111111000000001111111111111
00011111111110001111111111111111
00001111111111111111111001111111
00001111111111111111111001111111
00000111111111111111110001111111
00000000011111111100000000000000


11111100000000000000000000111111
11111100000000000000000000111111
11111100000000000000000001111110
11111110000000000000000011111110
01111110000000000000000011111110
00111111000000000000000011111110
00111111000000000000000011111100
00111111100000000000000011111100
00111111100000000000000111111000
00111111100000000000001111111000
00011111100000000000001111110000
00001111110000000000001111110000
00001111110000000000011111100000
00001111111000000000011111100000
00000111111000000000111111100000
00000111111100000000111111100000
00000011111110000000111111000000
00000011111110000000111111000000
00000011111110000001111110000000
00000001111110000011111100000000
00000001111111000011111100000000
00000000111111000111111100000000
00000000011111100111111100000000
00000000011111100111111100000000
00000000011111101111111000000000
00000000011111111111110000000000
00000000011111111111110000000000
00000000001111111111100000000000
00000000000111111111100000000000
00000000000111111111100000000000
00000000000111111111000000000000
00000000000011111111000000000000


11110000000000111100000000001111
11110000000000111110000000001111
11111000000001111110000000001111
11111000000001111110000000001111
01111000000001111110000000011111
01111000000001111111000000011111
01111000000001111111000000011110
01111000000011111111000000011110
01111100000011111111000000011110
01111100000011111111000000111110
00111100000111111111000000111110
00111100000111100111100000111100
00111100000111100111100001111100
00111110000111100011100001111100
00111110000111100011110001111100
00111110001111000011110001111000
00011111001111000011110001111000
00011111001111000011110011111000
00001111001111000011110011111000
00001111001111000001111011111000
00001111001110000001111011110000
00001111111110000001111011110000
00001111111110000001111111110000
00001111111110000001111111110000
00000111111110000001111111110000
00000111111110000000111111100000
00000111111110000000111111100000
00000111111100000000111111100000
00000111111000000000111111100000
00000011111000000000011111100000
00000011111000000000011111100000
00000011111000000000011111000000


00111110000000000000000001111110
00111111000000000000000011111110
00111111100000000000000011111110
00011111110000000000000111111100
00001111111000000000001111111000
00000111111100000000011111100000
00000011111110000000111111100000
00000011111110000000111111100000
00000001111111000011111110000000
00000000111111100011111110000000
00000000011111110111111100000000
00000000011111111111111000000000
00000000001111111111111000000000
00000000001111111111110000000000
00000000000011111111000000000000
00000000000001111111000000000000
00000000000111111111000000000000
00000000000111111111100000000000
00000000001111111111110000000000
00000000011111111111111000000000
00000000011111111111111100000000
00000000111111100111111100000000
00000011111111000011111110000000
00000011111110000001111111000000
00000011111110000000111111100000
00001111111100000000111111100000
00001111111000000000011111110000
00011111110000000000001111111000
00111111100000000000000111111100
00111111100000000000000011111110
01111111000000000000000011111110
11111100000000000000000001111111


01111100000000000000000000011111
11111100000000000000000000111111
01111110000000000000000001111110
00111111000000000000000011111110
00111111000000000000000011111110
00111111100000000000000011111100
00011111100000000000000111111000
00001111110000000000001111110000
00001111110000000000011111100000
00000111111100000000011111100000
00000011111100000000111111100000
00000011111110000000111111000000
00000011111110000000111110000000
00000001111110000001111110000000
00000000111111000011111100000000
00000000011111100111111100000000
00000000011111111111111000000000
00000000011111111111111000000000
00000000001111111111110000000000
00000000000111111111100000000000
00000000000011111111000000000000
00000000000001111111000000000000
00000000000001111111000000000000
00000000000001111110000000000000
00000000000001111110000000000000
00000000000011111100000000000000
00000000000111111000000000000000
00000000011111110000000000000000
00111111111111110000000000000000
00111111111111100000000000000000
00111111111111000000000000000000
00111111111100000000000000000000


00111111111111111111111111111110
01111111111111111111111111111111
01111111111111111111111111111111
01111111111111111111111111111111
01111111111111111111111111111111
00000000000000000000000011111111
00000000000000000000000111111110
00000000000000000000001111111100
00000000000000000000111111110000
00000000000000000000111111100000
00000000000000000001111111100000
00000000000000000111111110000000
00000000000000001111111110000000
00000000000000001111111100000000
00000000000000111111110000000000
00000000000001111111100000000000
00000000000011111110000000000000
00000000000111111110000000000000
00000000001111111100000000000000
00000000111111110000000000000000
00000001111111110000000000000000
00000011111111100000000000000000
00000111111110000000000000000000
00000111111100000000000000000000
00001111111100000000000000000000
00111111110000000000000000000000
01111111100000000000000000000000
11111111111111111111111111111110
11111111111111111111111111111111
11111111111111111111111111111111
11111111111111111111111111111111
01111111111111111111111111111111


00000000000000111110000000000000
00000000000001111111000000000000
00000000000011111111000000000000
00000000000011111111000000000000
00000000000011111111100000000000
00000000000111111111100000000000
00000000000111110111110000000000
00000000000111110111110000000000
00000000001111100111110000000000
00000000011111000011111000000000
00000000011111000001111100000000
00000000011111000001111100000000
00000000111111000001111100000000
00000000111110000000111110000000
00000000111100000000111110000000
00000001111100000000111111000000
00000011111100000000011111000000
00000011111000000000011111100000
00000011111000000000001111100000
00000111111000000000001111100000
00001111111111111111111111110000
00001111111111111111111111110000
00001111111111111111111111110000
00001111111111111111111111111000
00011111100000000000000011111100
00011111000000000000000001111100
00011111000000000000000001111100
00111111000000000000000001111110
01111110000000000000000000111110
01111100000000000000000000011111
01111100000000000000000000011111
11111100000000000000000000011111


11111111111111111111000000000000
11111111111111111111111110000000
11111111111111111111111111100000
11111111111111111111111111110000
11111100000000000001111111111000
11111100000000000000001111111100
11111100000000000000000011111100
11111100000000000000000011111100
11111100000000000000000011111100
11111100000000000000000011111100
11111100000000000000000011111100
11111100000000000000001111111100
11111100000000000000001111111000
11111110000000001111111111110000
11111111111111111111111111000000
11111111111111111111111111000000
11111111111111111111111111110000
11111110000000000001111111111000
11111100000000000000000111111100
11111100000000000000000011111110
11111100000000000000000001111110
11111100000000000000000001111111
11111100000000000000000001111111
11111100000000000000000001111111
11111100000000000000000001111111
11111100000000000000000011111110
11111100000000000000000011111110
11111100000000000000001111111110
11111111111111111111111111111100
11111111111111111111111111110000
11111111111111111111111111100000
11111111111111111111111100000000


00000000000000111111111111000000
00000000001111111111111111111100
00000000111111111111111111111111
00000011111111111100001111111111
00000111111111100000000011111111
00001111111100000000000000000111
00011111111000000000000000000001
00111111100000000000000000000000
00111111000000000000000000000000
00111111000000000000000000000000
01111110000000000000000000000000
01111110000000000000000000000000
11111100000000000000000000000000
11111100000000000000000000000000
11111100000000000000000000000000
11111100000000000000000000000000
11111100000000000000000000000000
11111100000000000000000000000000
11111100000000000000000000000000
11111100000000000000000000000000
11111110000000000000000000000000
01111110000000000000000000000000
00111111000000000000000000000000
00111111000000000000000000000000
00111111000000000000000000000000
00011111110000000000000000000000
00001111111000000000000000000011
00000111111110000000000000011111
00000011111111111100001111111111
00000001111111111111111111111111
00000000111111111111111111111110
00000000000111111111111111111000


11111111111111111000000000000000
11111111111111111111110000000000
11111111111111111111111110000000
11111111111111111111111111000000
11111000000000001111111111100000
11111000000000000000111111111000
11111000000000000000001111111000
11111000000000000000000111111100
11111000000000000000000011111110
11111000000000000000000001111110
11111000000000000000000001111110
11111000000000000000000000111110
11111000000000000000000000111111
11111000000000000000000000111111
11111000000000000000000000111111
11111000000000000000000000111111
11111000000000000000000000111111
11111000000000000000000000111111
11111000000000000000000000111111
11111000000000000000000000111111
11111000000000000000000000111110
11111000000000000000000001111110
11111000000000000000000001111110
11111000000000000000000001111110
11111000000000000000000111111110
11111000000000000000001111111000
11111000000000000000011111111000
11111000000000000001111111110000
11111111111111111111111111100000
11111111111111111111111110000000
11111111111111111111111000000000
11111111111111111110000000000000


11111111111111111111111111111110
11111111111111111111111111111110
11111111111111111111111111111110
11111111111111111111111111111110
11111110000000000000000000000000
11111110000000000000000000000000
11111110000000000000000000000000
11111110000000000000000000000000
11111110000000000000000000000000
11111110000000000000000000000000
11111110000000000000000000000000
11111110000000000000000000000000
11111110000000000000000000000000
11111111111111111111111111111100
11111111111111111111111111111100
11111111111111111111111111111100
11111110000000000000000000000000
11111110000000000000000000000000
11111110000000000000000000000000
11111110000000000000000000000000
11111110000000000000000000000000
11111110000000000000000000000000
11111110000000000000000000000000
11111110000000000000000000000000
11111110000000000000000000000000
11111110000000000000000000000000
11111110000000000000000000000000
11111110000000000000000000000000
11111111111111111111111111111110
11111111111111111111111111111111
11111111111111111111111111111111
11111111111111111111111111111111


11111111111111111111111111111111
11111111111111111111111111111111
11111111111111111111111111111111
11111111111111111111111111111111
11111111000000000000000000000000
11111111000000000000000000000000
11111111000000000000000000000000
11111111000000000000000000000000
11111111000000000000000000000000
11111111000000000000000000000000
11111111000000000000000000000000
11111111000000000000000000000000
11111111000000000000000000000000
11111111111111111111111111111100
11111111111111111111111111111100
11111111111111111111111111111100
11111111000000000000000000000000
11111111000000000000000000000000
11111111000000000000000000000000
11111111000000000000000000000000
11111111000000000000000000000000
11111111000000000000000000000000
11111111000000000000000000000000
11111111000000000000000000000000
11111111000000000000000000000000
11111111000000000000000000000000
11111111000000000000000000000000
11111111000000000000000000000000
11111111000000000000000000000000
11111111000000000000000000000000
11111111000000000000000000000000
11111111000000000000000000000000


00000000000001111111111100000000
00000000011111111111111111111000
00000001111111111111111111111110
00000111111111111000011111111111
00000111111111000000000011111111
00011111111000000000000000001111
00011111100000000000000000000011
00111111000000000000000000000000
01111111000000000000000000000000
01111110000000000000000000000000
01111110000000000000000000000000
01111110000000000000000000000000
11111100000000000000000000000000
11111100000000000000000000000000
11111100000000000000000000000000
11111100000000000001111111111111
11111100000000000001111111111111
11111100000000000001111111111111
11111100000000000001111111111111
11111100000000000000000000011111
11111110000000000000000000011111
01111110000000000000000000011111
01111110000000000000000000011111
01111110000000000000000000011111
00111111000000000000000000011111
00011111000000000000000000011111
00011111110000000000000000011111
00001111111100000000000000111111
00000111111111111000011111111111
00000001111111111111111111111111
00000000111111111111111111111100
00000000001111111111111111100000


11111100000000000000000000111111
11111100000000000000000000111111
11111100000000000000000000111111
11111100000000000000000000111111
11111100000000000000000000111111
11111100000000000000000000111111
11111100000000000000000000111111
11111100000000000000000000111111
11111100000000000000000000111111
11111100000000000000000000111111
11111100000000000000000000111111
11111100000000000000000000111111
11111100000000000000000000111111
11111111111111111111111111111111
11111111111111111111111111111111
11111111111111111111111111111111
11111100000000000000000000111111
11111100000000000000000000111111
11111100000000000000000000111111
11111100000000000000000000111111
11111100000000000000000000111111
11111100000000000000000000111111
11111100000000000000000000111111
11111100000000000000000000111111
11111100000000000000000000111111
11111100000000000000000000111111
11111100000000000000000000111111
11111100000000000000000000111111
11111100000000000000000000111111
11111100000000000000000000111111
11111100000000000000000000111111
11111100000000000000000000111111


11111000000000000000000011111110
11111100000000000000000111111100
11111100000000000000111111110000
11111100000000000000111111110000
11111100000000000011111111000000
11111100000000000111111110000000
11111100000000011111111000000000
11111100000000011111111000000000
11111100000001111111100000000000
11111100000011111111000000000000
11111100001111111100000000000000
11111100111111110000000000000000
11111101111111100000000000000000
11111111111111000000000000000000
11111111111100000000000000000000
11111111111100000000000000000000
11111111111110000000000000000000
11111111111111000000000000000000
11111101111111100000000000000000
11111100011111111000000000000000
11111100001111111100000000000000
11111100000111111110000000000000
11111100000011111111000000000000
11111100000000111111110000000000
11111100000000011111111000000000
11111100000000000111111110000000
11111100000000000011111111000000
11111100000000000001111111100000
11111100000000000000111111110000
11111100000000000000001111111100
11111100000000000000000111111110
11111100000000000000000011111111


01111110000000000000000000000000
11111111000000000000000000000000
11111111000000000000000000000000
11111111000000000000000000000000
11111111000000000000000000000000
11111111000000000000000000000000
11111111000000000000000000000000
11111111000000000000000000000000
11111111000000000000000000000000
11111111000000000000000000000000
11111111000000000000000000000000
11111111000000000000000000000000
11111111000000000000000000000000
11111111000000000000000000000000
11111111000000000000000000000000
11111111000000000000000000000000
11111111000000000000000000000000
11111111000000000000000000000000
11111111000000000000000000000000
11111111000000000000000000000000
11111111000000000000000000000000
11111111000000000000000000000000
11111111000000000000000000000000
11111111000000000000000000000000
11111111000000000000000000000000
11111111000000000000000000000000
11111111000000000000000000000000
11111111000000000000000000000000
11111111111111111111111111111100
11111111111111111111111111111111
11111111111111111111111111111111
11111111111111111111111111111111


01111110000000000000000001111111
11111111000000000000000011111111
11111111000000000000000011111111
11111111100000000000000011111111
11111111100000000000000111111111
11111111110000000000000111111111
11111111110000000000001111111111
11111011110000000000001111011111
11111011111000000000011111011111
11111001111000000000011111011111
11111001111100000000111110011111
11111001111100000000111100011111
11111000111100000000111100011111
11111000011110000000111100011111
11111000011110000001111000011111
11111000011110000011111000011111
11111000001111000011111000011111
11111000001111100011111000011111
11111000001111100111110000011111
11111000000111101111100000011111
11111000000011111111100000011111
11111000000011111111100000011111
11111000000011111111000000011111
11111000000011111111000000011111
11111000000001111111000000011111
11111000000001111100000000011111
11111000000000000000000000011111
11111000000000000000000000011111
11111000000000000000000000011111
11111000000000000000000000011111
11111000000000000000000000011111
11111000000000000000000000011111


01111111000000000000000000011110
11111111100000000000000000111111
11111111110000000000000000111111
11111111110000000000000000111111
11111111111000000000000000111111
11111111111100000000000000111111
11111111111100000000000000111111
11111111111110000000000000111111
11111101111111000000000000111111
11111100111111100000000000111111
11111100011111100000000000111111
11111100001111110000000000111111
11111100001111111000000000111111
11111100000111111100000000111111
11111100000011111100000000111111
11111100000011111110000000111111
11111100000001111111000000111111
11111100000000111111000000111111
11111100000000011111000000111111
11111100000000011111100000111111
11111100000000001111111000111111
11111100000000001111111000111111
11111100000000000011111000111111
11111100000000000011111100111111
11111100000000000001111110111111
11111100000000000000111111111111
11111100000000000000111111111111
11111100000000000000111111111111
11111100000000000000011111111111
11111100000000000000001111111111
11111100000000000000000111111111
11111100000000000000000111111111


00000000000011111111100000000000
00000000011111111111111100000000
00000001111111111111111111000000
00000111111111111111111111100000
00001111111000000000011111110000
00001111110000000000001111111000
00011111100000000000000111111100
00111111000000000000000011111100
01111110000000000000000001111110
01111110000000000000000000111110
01111100000000000000000000111111
11111100000000000000000000111111
11111100000000000000000000011111
11111100000000000000000000011111
11111100000000000000000000011111
11111000000000000000000000011111
11111000000000000000000000011111
11111100000000000000000000011111
11111100000000000000000000011111
11111100000000000000000000011111
11111100000000000000000000111111
01111100000000000000000000111111
01111100000000000000000000111111
01111110000000000000000001111110
00111111000000000000000011111100
00011111100000000000000011111100
00011111110000000000001111111000
00001111111100000000111111110000
00000011111111111111111111100000
00000011111111111111111111000000
00000000111111111111111100000000
00000000000111111111100000000000


01111111111111111110000000000000
11111111111111111111111110000000
11111111111111111111111111110000
11111111111111111111111111111000
11111110000000000011111111111100
11111110000000000000001111111110
11111110000000000000000111111110
11111110000000000000000111111111
11111110000000000000000011111111
11111110000000000000000011111111
11111110000000000000000011111111
11111110000000000000000011111111
11111110000000000000000011111111
11111110000000000000000111111111
11111110000000000000000111111110
11111110000000000001111111111100
11111111111111111111111111111000
11111111111111111111111111110000
11111111111111111111111111000000
11111111111111111111110000000000
11111110000000000000000000000000
11111110000000000000000000000000
11111110000000000000000000000000
11111110000000000000000000000000
11111110000000000000000000000000
11111110000000000000000000000000
11111110000000000000000000000000
11111110000000000000000000000000
11111110000000000000000000000000
11111110000000000000000000000000
11111110000000000000000000000000
11111110000000000000000000000000


00000000000011111111100000000000
00000000011111111111111100000000
00000011111111111111111111000000
00000111111111111111111111100000
00001111111000000000011111110000
00011111100000000000000111111000
00111111000000000000000011111100
01111110000000000000000001111100
01111110000000000000000000111110
01111100000000000000000000111111
11111100000000000000000000111111
11111100000000000000000000011111
11111000000000000000000000011111
11111000000000000000000000011111
11111000000000000000000000011111
11111000000000000000000000011111
11111000000000000000000000011111
11111100000000000000000000011111
11111100000000000000000000111111
01111100000000000000000000111111
01111110000000000000000000111110
01111110000000000000000011111100
00111111000000000000000011111100
00011111100000000000000111111000
00001111111000000000011111110000
00000111111111000011111111100000
00000011111111111111111111000000
00000000011111111111111000000000
00000000000001111111111100000000
00000000000000000001111111000000
00000000000000000000111111100000
00000000000000000000001111110000


01111111111111110000000000000000
11111111111111111111100000000000
11111111111111111111111000000000
11111111111111111111111100000000
11111100000000011111111111000000
11111100000000000011111111000000
11111100000000000000111111000000
11111100000000000000111111100000
11111100000000000000111111100000
11111100000000000000111111100000
11111100000000000000111111100000
11111100000000000000111111100000
11111100000000000000111111000000
11111100000000000001111111000000
11111100000000000111111111000000
11111111111111111111111100000000
11111111111111111111111000000000
11111111111111111111100000000000
11111111111111111111110000000000
11111100000000011111111000000000
11111100000000000011111110000000
11111100000000000011111111000000
11111100000000000000111111000000
11111100000000000000111111100000
11111100000000000000011111110000
11111100000000000000001111110000
11111100000000000000001111110000
11111100000000000000000111111100
11111100000000000000000011111100
11111100000000000000000001111110
11111100000000000000000001111110
11111100000000000000000000111111


00000000001111111111111000000000
00000011111111111111111111110000
00001111111111111111111111111000
00111111111111111111111111111000
00111111100000000000000011111000
01111111100000000000000000111000
01111110000000000000000000000000
11111110000000000000000000000000
11111100000000000000000000000000
11111100000000000000000000000000
11111110000000000000000000000000
01111111000000000000000000000000
01111111111100000000000000000000
00111111111110000000000000000000
00111111111111111111100000000000
00001111111111111111111110000000
00000001111111111111111111100000
00000000000111111111111111111000
00000000000000000011111111111110
00000000000000000000000111111110
00000000000000000000000011111110
00000000000000000000000011111110
00000000000000000000000001111111
00000000000000000000000001111111
00000000000000000000000001111111
00000000000000000000000011111110
11000000000000000000000111111110
11111111000000000000111111111100
11111111111111111111111111111000
11111111111111111111111111110000
01111111111111111111111111000000
00000011111111111111110000000000


01111111111111111111111111111110
11111111111111111111111111111111
11111111111111111111111111111111
11111111111111111111111111111111
00000000000001111110000000000000
00000000000000111110000000000000
00000000000000111110000000000000
00000000000000111110000000000000
00000000000000111110000000000000
00000000000000111110000000000000
00000000000000111110000000000000
00000000000000111110000000000000
00000000000000111110000000000000
00000000000000111110000000000000
00000000000000111110000000000000
00000000000000111110000000000000
00000000000000111110000000000000
00000000000000111110000000000000
00000000000000111110000000000000
00000000000000111110000000000000
00000000000000111110000000000000
00000000000000111110000000000000
00000000000000111110000000000000
00000000000000111110000000000000
00000000000000111110000000000000
00000000000000111110000000000000
00000000000000111110000000000000
00000000000000111110000000000000
00000000000000111110000000000000
00000000000000111110000000000000
00000000000000111110000000000000
00000000000000111110000000000000


01111000000000000000000000011110
11111100000000000000000000111111
11111100000000000000000000111111
11111100000000000000000000111111
11111100000000000000000000111111
11111100000000000000000000111111
11111100000000000000000000111111
11111100000000000000000000111111
11111100000000000000000000111111
11111100000000000000000000111111
11111100000000000000000000111111
11111100000000000000000000111111
11111100000000000000000000111111
11111100000000000000000000111111
11111100000000000000000000111111
11111100000000000000000000111111
11111100000000000000000000111111
11111100000000000000000000111111
11111100000000000000000000111111
11111100000000000000000000111111
11111100000000000000000000111111
11111110000000000000000000111111
11111110000000000000000000111111
11111110000000000000000000111110
01111110000000000000000001111110
01111111000000000000000011111110
00111111100000000000000111111110
00111111111000000000011111111000
00001111111111111111111111110000
00001111111111111111111111110000
00000011111111111111111111000000
00000000001111111111111000000000


01110000000000000000000000001110
11111100000000000000000000011111
01111100000000000000000000111111
01111100000000000000000000111111
01111110000000000000000001111110
00111111000000000000000001111100
00011111000000000000000011111100
00011111000000000000000011111100
00011111000000000000000011111000
00011111100000000000000011110000
00001111100000000000000111110000
00001111110000000000001111110000
00001111110000000000001111100000
00000111111000000000001111100000
00000011111000000000011111100000
00000011111000000000111111000000
00000011111100000000111110000000
00000001111100000000111110000000
00000001111100000001111110000000
00000000111110000001111100000000
00000000111111000001111100000000
00000000111111000001111100000000
00000000011111000011111000000000
00000000011111100111111000000000
00000000001111100111110000000000
00000000001111110111110000000000
00000000000111111111110000000000
00000000000111111111100000000000
00000000000011111111000000000000
00000000000011111111000000000000
00000000000011111111000000000000
00000000000001111110000000000000


01100000000000111100000000000110
11110000000000111100000000001111
11110000000000111100000000001111
01110000000000111110000000001111
01111000000000111110000000001111
01111000000001111110000000011110
01111000000001111110000000011110
01111000000001111110000000011110
00111000000001110111000000011110
00111100000011100111000000011100
00111100000011100111000000111100
00111100000011100011100000111100
00111100000011100011100000111100
00111100000111000011100000111100
00011100000111000011100000111100
00011110000111000011100000111100
00011110000111000011110001111000
00011110000111000011110001111000
00001110001111000011110001111000
00001110001111000001110001111000
00001111001110000001110001110000
00001111001110000001110001110000
00001111001110000001110011110000
00000111001110000000111011110000
00000111111100000000111011100000
00000111111100000000111111100000
00000111111100000000111111100000
00000111111100000000011111100000
00000011111100000000011111100000
00000011111000000000011111000000
00000011111000000000011111000000
00000011111000000000011111000000


00111100000000000000000000011110
00111111000000000000000001111110
00011111100000000000000011111100
00011111110000000000000111111100
00001111110000000000000111111000
00000111111000000000001111110000
00000011111100000000011111100000
00000011111100000000011111100000
00000000111111000001111111000000
00000000111111000001111110000000
00000000011111100011111100000000
00000000001111111111111000000000
00000000001111111111111000000000
00000000000011111111100000000000
00000000000011111111100000000000
00000000000001111111000000000000
00000000000011111111100000000000
00000000000011111111100000000000
00000000000111111111110000000000
00000000001111111111111000000000
00000000011111100111111100000000
00000000111111100011111100000000
00000000111111000001111110000000
00000011111110000000111111000000
00000011111100000000011111100000
00000111111000000000011111110000
00001111110000000000001111110000
00001111110000000000000111111000
00111111000000000000000011111100
00111111000000000000000001111110
01111110000000000000000001111110
11111100000000000000000000111111


01111000000000000000000000011110
01111110000000000000000001111110
01111110000000000000000001111110
00111111000000000000000011111100
00011111100000000000000111111000
00011111100000000000001111110000
00000111111000000000011111100000
00000111111000000000011111100000
00000011111100000000111111000000
00000001111110000001111110000000
00000000111111000011111100000000
00000000011111100111111000000000
00000000011111100111111000000000
00000000001111111111110000000000
00000000000111111111100000000000
00000000000011111111000000000000
00000000000001111110000000000000
00000000000001111110000000000000
00000000000001111110000000000000
00000000000001111110000000000000
00000000000001111110000000000000
00000000000001111110000000000000
00000000000001111110000000000000
00000000000001111110000000000000
00000000000001111110000000000000
00000000000001111110000000000000
00000000000001111110000000000000
00000000000001111110000000000000
00000000000001111110000000000000
00000000000001111110000000000000
00000000000001111110000000000000
00000000000001111110000000000000


00111111111111111111111111111100
01111111111111111111111111111110
01111111111111111111111111111110
01111111111111111111111111111110
00000000000000000000000011111110
00000000000000000000000111111000
00000000000000000000001111111000
00000000000000000000011111110000
00000000000000000000111111100000
00000000000000000001111111000000
00000000000000000011111110000000
00000000000000000111111000000000
00000000000000000111111000000000
00000000000000011111110000000000
00000000000000111111100000000000
00000000000001111111000000000000
00000000000011111110000000000000
00000000000111111100000000000000
00000000000111111000000000000000
00000000011111110000000000000000
00000000111111100000000000000000
00000001111111100000000000000000
00000001111110000000000000000000
00000111111100000000000000000000
00000111111000000000000000000000
00011111110000000000000000000000
00011111100000000000000000000000
00111111100000000000000000000000
01111111111111111111111111111110
11111111111111111111111111111111
11111111111111111111111111111111
11111111111111111111111111111111
