00000000000001111111111100000000
00000000011111111111111111111000
00000001111111111111111111111110
00000111111111111000011111111111
00000111111111000000000011111111
00011111111000000000000000001111
00011111100000000000000000000011
00111111000000000000000000000000
01111111000000000000000000000000
01111110000000000000000000000000
01111110000000000000000000000000
01111110000000000000000000000000
11111100000000000000000000000000
11111100000000000000000000000000
11111100000000000000000000000000
11111100000000000001111111111111
11111100000000000001111111111111
11111100000000000001111111111111
11111100000000000001111111111111
11111100000000000000000000011111
11111110000000000000000000011111
01111110000000000000000000011111
01111110000000000000000000011111
01111110000000000000000000011111
00111111000000000000000000011111
00011111000000000000000000011111
00011111110000000000000000011111
00001111111100000000000000111111
00000111111111111000011111111111
00000001111111111111111111111111
00000000111111111111111111111100
00000000001111111111111111100000