11111100000000000000000000111111
11111100000000000000000000111111
11111100000000000000000000111111
11111100000000000000000000111111
11111100000000000000000000111111
11111100000000000000000000111111
11111100000000000000000000111111
11111100000000000000000000111111
11111100000000000000000000111111
11111100000000000000000000111111
11111100000000000000000000111111
11111100000000000000000000111111
11111100000000000000000000111111
11111111111111111111111111111111
11111111111111111111111111111111
11111111111111111111111111111111
11111100000000000000000000111111
11111100000000000000000000111111
11111100000000000000000000111111
11111100000000000000000000111111
11111100000000000000000000111111
11111100000000000000000000111111
11111100000000000000000000111111
11111100000000000000000000111111
11111100000000000000000000111111
11111100000000000000000000111111
11111100000000000000000000111111
11111100000000000000000000111111
11111100000000000000000000111111
11111100000000000000000000111111
11111100000000000000000000111111
11111100000000000000000000111111