11111000000000000000000011111110
11111100000000000000000111111100
11111100000000000000111111110000
11111100000000000000111111110000
11111100000000000011111111000000
11111100000000000111111110000000
11111100000000011111111000000000
11111100000000011111111000000000
11111100000001111111100000000000
11111100000011111111000000000000
11111100001111111100000000000000
11111100111111110000000000000000
11111101111111100000000000000000
11111111111111000000000000000000
11111111111100000000000000000000
11111111111100000000000000000000
11111111111110000000000000000000
11111111111111000000000000000000
11111101111111100000000000000000
11111100011111111000000000000000
11111100001111111100000000000000
11111100000111111110000000000000
11111100000011111111000000000000
11111100000000111111110000000000
11111100000000011111111000000000
11111100000000000111111110000000
11111100000000000011111111000000
11111100000000000001111111100000
11111100000000000000111111110000
11111100000000000000001111111100
11111100000000000000000111111110
11111100000000000000000011111111