01111110000000000000000001111111
11111111000000000000000011111111
11111111000000000000000011111111
11111111100000000000000011111111
11111111100000000000000111111111
11111111110000000000000111111111
11111111110000000000001111111111
11111011110000000000001111011111
11111011111000000000011111011111
11111001111000000000011111011111
11111001111100000000111110011111
11111001111100000000111100011111
11111000111100000000111100011111
11111000011110000000111100011111
11111000011110000001111000011111
11111000011110000011111000011111
11111000001111000011111000011111
11111000001111100011111000011111
11111000001111100111110000011111
11111000000111101111100000011111
11111000000011111111100000011111
11111000000011111111100000011111
11111000000011111111000000011111
11111000000011111111000000011111
11111000000001111111000000011111
11111000000001111100000000011111
11111000000000000000000000011111
11111000000000000000000000011111
11111000000000000000000000011111
11111000000000000000000000011111
11111000000000000000000000011111
11111000000000000000000000011111