01111111000000000000000000011110
11111111100000000000000000111111
11111111110000000000000000111111
11111111110000000000000000111111
11111111111000000000000000111111
11111111111100000000000000111111
11111111111100000000000000111111
11111111111110000000000000111111
11111101111111000000000000111111
11111100111111100000000000111111
11111100011111100000000000111111
11111100001111110000000000111111
11111100001111111000000000111111
11111100000111111100000000111111
11111100000011111100000000111111
11111100000011111110000000111111
11111100000001111111000000111111
11111100000000111111000000111111
11111100000000011111000000111111
11111100000000011111100000111111
11111100000000001111111000111111
11111100000000001111111000111111
11111100000000000011111000111111
11111100000000000011111100111111
11111100000000000001111110111111
11111100000000000000111111111111
11111100000000000000111111111111
11111100000000000000111111111111
11111100000000000000011111111111
11111100000000000000001111111111
11111100000000000000000111111111
11111100000000000000000111111111