00000000000011111111100000000000
00000000011111111111111100000000
00000001111111111111111111000000
00000111111111111111111111100000
00001111111000000000011111110000
00001111110000000000001111111000
00011111100000000000000111111100
00111111000000000000000011111100
01111110000000000000000001111110
01111110000000000000000000111110
01111100000000000000000000111111
11111100000000000000000000111111
11111100000000000000000000011111
11111100000000000000000000011111
11111100000000000000000000011111
11111000000000000000000000011111
11111000000000000000000000011111
11111100000000000000000000011111
11111100000000000000000000011111
11111100000000000000000000011111
11111100000000000000000000111111
01111100000000000000000000111111
01111100000000000000000000111111
01111110000000000000000001111110
00111111000000000000000011111100
00011111100000000000000011111100
00011111110000000000001111111000
00001111111100000000111111110000
00000011111111111111111111100000
00000011111111111111111111000000
00000000111111111111111100000000
00000000000111111111100000000000