01111111111111111110000000000000
11111111111111111111111110000000
11111111111111111111111111110000
11111111111111111111111111111000
11111110000000000011111111111100
11111110000000000000001111111110
11111110000000000000000111111110
11111110000000000000000111111111
11111110000000000000000011111111
11111110000000000000000011111111
11111110000000000000000011111111
11111110000000000000000011111111
11111110000000000000000011111111
11111110000000000000000111111111
11111110000000000000000111111110
11111110000000000001111111111100
11111111111111111111111111111000
11111111111111111111111111110000
11111111111111111111111111000000
11111111111111111111110000000000
11111110000000000000000000000000
11111110000000000000000000000000
11111110000000000000000000000000
11111110000000000000000000000000
11111110000000000000000000000000
11111110000000000000000000000000
11111110000000000000000000000000
11111110000000000000000000000000
11111110000000000000000000000000
11111110000000000000000000000000
11111110000000000000000000000000
11111110000000000000000000000000