00000000001111111111111000000000
00000011111111111111111111110000
00001111111111111111111111111000
00111111111111111111111111111000
00111111100000000000000011111000
01111111100000000000000000111000
01111110000000000000000000000000
11111110000000000000000000000000
11111100000000000000000000000000
11111100000000000000000000000000
11111110000000000000000000000000
01111111000000000000000000000000
01111111111100000000000000000000
00111111111110000000000000000000
00111111111111111111100000000000
00001111111111111111111110000000
00000001111111111111111111100000
00000000000111111111111111111000
00000000000000000011111111111110
00000000000000000000000111111110
00000000000000000000000011111110
00000000000000000000000011111110
00000000000000000000000001111111
00000000000000000000000001111111
00000000000000000000000001111111
00000000000000000000000011111110
11000000000000000000000111111110
11111111000000000000111111111100
11111111111111111111111111111000
11111111111111111111111111110000
01111111111111111111111111000000
00000011111111111111110000000000