01111000000000000000000000011110
11111100000000000000000000111111
11111100000000000000000000111111
11111100000000000000000000111111
11111100000000000000000000111111
11111100000000000000000000111111
11111100000000000000000000111111
11111100000000000000000000111111
11111100000000000000000000111111
11111100000000000000000000111111
11111100000000000000000000111111
11111100000000000000000000111111
11111100000000000000000000111111
11111100000000000000000000111111
11111100000000000000000000111111
11111100000000000000000000111111
11111100000000000000000000111111
11111100000000000000000000111111
11111100000000000000000000111111
11111100000000000000000000111111
11111100000000000000000000111111
11111110000000000000000000111111
11111110000000000000000000111111
11111110000000000000000000111110
01111110000000000000000001111110
01111111000000000000000011111110
00111111100000000000000111111110
00111111111000000000011111111000
00001111111111111111111111110000
00001111111111111111111111110000
00000011111111111111111111000000
00000000001111111111111000000000