01110000000000000000000000001110
11111100000000000000000000011111
01111100000000000000000000111111
01111100000000000000000000111111
01111110000000000000000001111110
00111111000000000000000001111100
00011111000000000000000011111100
00011111000000000000000011111100
00011111000000000000000011111000
00011111100000000000000011110000
00001111100000000000000111110000
00001111110000000000001111110000
00001111110000000000001111100000
00000111111000000000001111100000
00000011111000000000011111100000
00000011111000000000111111000000
00000011111100000000111110000000
00000001111100000000111110000000
00000001111100000001111110000000
00000000111110000001111100000000
00000000111111000001111100000000
00000000111111000001111100000000
00000000011111000011111000000000
00000000011111100111111000000000
00000000001111100111110000000000
00000000001111110111110000000000
00000000000111111111110000000000
00000000000111111111100000000000
00000000000011111111000000000000
00000000000011111111000000000000
00000000000011111111000000000000
00000000000001111110000000000000