01100000000000111100000000000110
11110000000000111100000000001111
11110000000000111100000000001111
01110000000000111110000000001111
01111000000000111110000000001111
01111000000001111110000000011110
01111000000001111110000000011110
01111000000001111110000000011110
00111000000001110111000000011110
00111100000011100111000000011100
00111100000011100111000000111100
00111100000011100011100000111100
00111100000011100011100000111100
00111100000111000011100000111100
00011100000111000011100000111100
00011110000111000011100000111100
00011110000111000011110001111000
00011110000111000011110001111000
00001110001111000011110001111000
00001110001111000001110001111000
00001111001110000001110001110000
00001111001110000001110001110000
00001111001110000001110011110000
00000111001110000000111011110000
00000111111100000000111011100000
00000111111100000000111111100000
00000111111100000000111111100000
00000111111100000000011111100000
00000011111100000000011111100000
00000011111000000000011111000000
00000011111000000000011111000000
00000011111000000000011111000000