01111000000000000000000000011110
01111110000000000000000001111110
01111110000000000000000001111110
00111111000000000000000011111100
00011111100000000000000111111000
00011111100000000000001111110000
00000111111000000000011111100000
00000111111000000000011111100000
00000011111100000000111111000000
00000001111110000001111110000000
00000000111111000011111100000000
00000000011111100111111000000000
00000000011111100111111000000000
00000000001111111111110000000000
00000000000111111111100000000000
00000000000011111111000000000000
00000000000001111110000000000000
00000000000001111110000000000000
00000000000001111110000000000000
00000000000001111110000000000000
00000000000001111110000000000000
00000000000001111110000000000000
00000000000001111110000000000000
00000000000001111110000000000000
00000000000001111110000000000000
00000000000001111110000000000000
00000000000001111110000000000000
00000000000001111110000000000000
00000000000001111110000000000000
00000000000001111110000000000000
00000000000001111110000000000000
00000000000001111110000000000000