00111111111111111111111111111100
01111111111111111111111111111110
01111111111111111111111111111110
01111111111111111111111111111110
00000000000000000000000011111110
00000000000000000000000111111000
00000000000000000000001111111000
00000000000000000000011111110000
00000000000000000000111111100000
00000000000000000001111111000000
00000000000000000011111110000000
00000000000000000111111000000000
00000000000000000111111000000000
00000000000000011111110000000000
00000000000000111111100000000000
00000000000001111111000000000000
00000000000011111110000000000000
00000000000111111100000000000000
00000000000111111000000000000000
00000000011111110000000000000000
00000000111111100000000000000000
00000001111111100000000000000000
00000001111110000000000000000000
00000111111100000000000000000000
00000111111000000000000000000000
00011111110000000000000000000000
00011111100000000000000000000000
00111111100000000000000000000000
01111111111111111111111111111110
11111111111111111111111111111111
11111111111111111111111111111111
11111111111111111111111111111111